0000 1000 01000110 11001001 01000001 01000011 01010010 01000101 01000100 01001001 01010100 01000001 01010010
0000 0100 01001001 01010010 01001101 01001111 01010110 01000101 01010010
0001 0100 01010011 01001111 01001100 01010110 01000101 01010010 01000001 01001111
0001 0100 01010010 01001001 01001111 01010000 01000101 01001001 01011000 01000101
0001 0100 01000011 01001111 01010010 01010100 01001001 01001110 01010100 01000001
0001 0011 01000011 11000011 01001111 01001100 01000001 01010100 01000101
0001 0011 01001101 01000001 01010010 01001111 01001110 01000100 01000001
0001 0100 01001100 01010101 01000001 01001110 01001111 01001001 01010100 01000101
0001 0101 01010011 01001111 01001101 01001101 11011010 01010011 01001001 01000011 01000001
0001 0110 01010000 11000011 01001111 01010000 01000001 01000100 01000001 01010010 01001001 01000001
0001 0110 01010011 01000001 01001100 01010100 01000101 01001101 01010000 01000101 01010010 01001111
0001 0101 01000011 01001000 11000001 01010001 01010101 01000101 01001110 01010100 01000101
0001 0100 01010110 01001111 01011010 01000110 01000001 01001100 01000001 01010010
0001 0011 01000011 11001001 01010101 01000001 01011010 01010101 01001100
0001 0101 01001100 01010101 01011010 01000010 01010010 01001001 01001100 01001000 01001111
0001 0111 01010000 01000001 01011010 01001000 01000001 01010010 01001101 01001111 01001110 01001001 01000001
0001 0110 01010011 01000101 01010010 01000101 01011000 01001001 01010011 01010100 01001001 01010010
0001 0111 01010110 01000101 01010010 01000101 01001110 01011000 01000101 01010010 01000111 01000001 01010010
0001 0111 01000100 01000001 01010010 01001111 01000110 01000101 01010010 01000101 01000011 01000101 01010010
0001 0111 01001101 01000001 01010101 01001110 01000101 01000111 01000001 01010100 01001001 01010110 01001111
0001 0110 01010000 01000001 01001001 01000111 01000101 01001110 01001001 01010100 01001111 01010010
0001 0111 01001101 11000011 01000101 01000111 01000101 01001110 01001001 01010100 01001111 01010010 01000001
0001 0111 01000010 01001111 01001101 01010000 01001111 01010011 01001001 01010100 01001001 01010110 01001111
0001 0101 01010110 01001001 01010010 01000011 01001000 01000101 01000111 01000001 01010010
0001 0110 01010100 01000101 01010010 01010000 01001111 01010011 01010011 01010101 01001001 01010010
0010 0100 01000011 01000001 01000110 11001001 01001101 01000001 01001110 01001000 11000011
0010 0100 01000110 01001111 01000111 01001111 01000011 01000001 01001100 01001111 01010010
0010 0011 01000111 01000001 01010100 01001111 01001101 01001001 01000001 01010101
0010 0101 01000110 01001100 01001111 01010010 01001010 01000001 01010010 01000100 01001001 01001101
0010 0010 01000001 01011010 01010101 01001100 01000011 01000101 01010101
0010 0100 01010000 01000001 01010100 01001111 01001100 01000001 01000111 01001111 01000001
0010 0101 01000001 01010010 01010100 01000101 01010001 01010101 01000001 01000100 01010010 01001111
0010 0101 01000011 01000001 01001101 01000001 01000100 01001111 01010010 01001101 01001001 01010010
0010 0111 01001101 01010101 01010010 01001111 01010000 01010010 01001111 01010100 01000101 11000111 11000011 01001111
0010 0111 01000001 01001100 01001101 01000001 01000101 01010011 01010000 11001101 01010010 01001001 01010100 01001111
0010 1001 01010110 01001001 01000100 01000001 01000110 01000101 01001100 01001001 01000011 01001001 01000100 01000001 01000100 01000101
0010 1001 01000001 01001101 01001111 01010010 01010011 01000101 01001110 01010100 01001001 01001101 01000101 01001110 01010100 01001111
0010 0110 01010011 01001111 01000110 11000001 01010010 01000101 01001100 01000001 01011000 01000001 01010010
0010 0100 01001101 01000101 01010011 01000001 01000011 01001111 01001101 01000101 01010010
0010 0100 01010100 01000101 01010100 01001111 01000001 01000011 01001001 01001101 01000001
0010 0111 01001010 01001111 01000111 01001111 01000100 01001001 01010110 01000101 01010010 01010011 11000011 01001111
0010 0011 01000001 01001110 01000101 01001100 01000100 01000101 01000100 01001111
0010 1000 01000110 01001111 01010100 01001111 01001100 01000101 01001101 01000010 01010010 01000001 01001110 11000111 01000001
0010 0101 01010100 01010010 01000101 01001101 01010110 01001001 01000001 01000111 01000101 01001101
0010 1001 01001101 01001111 01010100 01001111 01010110 01000101 01001100 01001111 01000011 01001001 01000100 01000001 01000100 01000101
0010 0011 01000100 01001111 01000011 01000101 01000010 01001111 01001100 01001111
0010 0110 01000010 01001111 01001100 01000001 01000110 01010101 01010100 01000101 01000010 01001111 01001100
0010 0010 01001010 01010101 01001001 01011010 01001100 01000101 01001001
0010 0110 01001110 01001111 01010110 01001111 01001001 01001110 11001001 01000100 01001001 01010100 01001111
0010 0110 01000011 01001000 11000011 01001111 01000101 01001101 01000010 01000001 01001001 01011000 01001111
0010 0010 01000011 01000001 01010011 01000001 01001100 01000001 01010010
0011 0100 01010000 01000101 01001001 01011000 01000101 01001110 01000001 01000100 01000001 01010010
0011 0110 01000011 01001111 01001100 01000001 01010010 01010000 01000101 01010011 01000011 01001111 11000111 01001111
0011 1011 01001001 01000100 01000101 01001001 01000001 01000011 01010010 01001001 01000001 01010100 01001001 01010110 01001001 01000100 01000001 01000100 01000101
0011 0110 01010100 01000101 01010010 01010010 01000001 01010000 01001100 01000001 01001110 01000101 01010100 01000001
0011 0110 01010000 01001111 01010010 01010100 01000001 01000101 01001110 01010100 01010010 01000001 01000100 01000001
0011 0011 01000011 01001000 01010101 01010110 01000001 01000001 01000111 01010101 01000001
0011 0010 01001100 01001001 01010110 01010010 01001111 01001100 01000101 01010010
0011 0001 01010110 01000101 01001110 01010100 01001111 01000001 01010010
0011 0011 01000110 01010010 01010101 01010100 01000001 01000100 01001111 01000011 01000101
0011 0101 01010011 01001111 01001110 01001000 01001111 01000100 01001111 01010010 01001101 01001001 01010010
0011 0011 01000001 01010110 01001001 11000011 01001111 01010110 01001111 01000001 01010010
0011 0110 01000011 01000001 01010010 01010010 01001111 01000101 01010011 01010100 01010010 01000001 01000100 01000001
0011 0011 01010100 01000101 01001101 01010000 01001111 01001000 01001111 01010010 01000001
0011 0110 01010000 01000001 01010000 01000101 01001100 01000101 01010011 01000011 01010010 01001001 01010100 01000001
0011 1000 01000010 01010010 01001001 01010011 01000001 01010011 01010101 01000001 01010110 01001001 01000100 01000001 01000100 01000101
0011 0111 01010100 01001111 01010010 01010010 01000101 01000101 01000100 01001001 01000110 11001101 01000011 01001001 01001111
0011 0111 01000011 01000001 01001101 01010000 01001111 01001110 01000001 01010100 01010101 01010010 01000101 01011010 01000001
0011 0110 01000110 01001111 01000111 01000001 01001111 01000011 01001111 01011010 01001001 01001110 01001000 01000001
0011 1001 01000110 01001111 01010010 01010100 01000101 01010010 01000101 01010011 01001001 01010011 01010100 01000101 01001110 01010100 01000101
0011 0110 01001001 01010010 01001101 11000011 01001111 01000110 01000001 01001101 11001101 01001100 01001001 01000001
0011 0101 01010010 01001111 01010101 01010000 01000001 01010110 01000101 01010011 01010100 01001001 01010010
0011 1001 01000011 01001001 01010010 01000011 01001111 01000101 01010011 01010000 01000101 01010100 11000001 01000011 01010101 01001100 01001111
0011 0100 01001110 01000001 01010110 01001001 01001111 01010000 01001111 01010010 01010100 01001111
0011 0100 01000010 01000001 01010010 01000011 01001111 01010010 01000101 01001101 01000001 01010010
0011 0100 01010010 11000001 01000100 01001001 01001111 01001111 01010101 01010110 01001001 01010010
0011 0101 01000110 01001001 01001100 01001101 01000101 01000011 01001001 01001110 01000101 01001101 01000001
0011 0100 01000100 01000001 01001110 11000111 01000001 01010010 01001001 01010100 01001101 01001111
0011 0110 01000010 01001111 01001100 01010011 01000001 01000111 01010101 01000001 01010010 01000100 01000001 01010010
0011 1000 01010100 01000101 01001100 01001000 01000001 01000011 01001111 01000010 01000101 01010010 01010100 01010101 01010010 01000001
0011 0011 01001100 01000101 01001001 01010100 01000101 01010110 01000001 01000011 01000001
0011 0111 01010011 01000001 01000010 01000101 01010010 01000001 01010000 01010010 01000101 01001110 01000100 01000101 01010010
0011 1001 01010000 01001111 01000100 01000101 01010010 01000001 01010101 01010100 01001111 01010010 01001001 01000100 01000001 01000100 01000101
0011 0011 01000110 01000001 01011010 01000101 01010010 01000001 11000111 11000011 01001111
0011 0010 01001111 01001100 01001000 01000001 01010010 01010110 01000101 01010010
0011 0101 01001101 01000101 01001110 01010100 01000101 01010000 01000101 01001110 01010011 01000001 01010010
0011 0111 01010000 01000001 01010011 01010011 01001111 01000011 01000001 01001101 01001001 01001110 01001000 01000001 01010010
0011 0110 01000110 01001111 01010010 11000111 01000001 01001101 01010101 01010011 01000011 01010101 01001100 01001111
0011 0110 01000100 01001001 01011010 01000101 01010010 01010000 01000001 01001100 01000001 01010110 01010010 01000001
0011 1000 01000101 01010011 01010100 01000001 01010010 01001100 01001111 01000011 01000001 01001100 01001001 01011010 01000001 01010010
0011 1000 01000100 01000101 01010110 01000101 01010010 01001111 01000010 01010010 01001001 01000111 01000001 11000111 11000011 01001111
0011 0101 01000011 01001111 01010010 01010000 01001111 01001000 01010101 01001101 01000001 01001110 01001111
0011 0110 01000010 01000101 01001001 01001010 01001111 01000011 01000001 01010010 01001001 01001110 01001000 01001111
0011 0101 01000011 01000001 01001110 01010100 01001111 01001101 11011010 01010011 01001001 01000011 01000001
0011 0011 01001110 01010101 01010110 01000101 01001101 01000001 01001100 01010100 01001111
0011 0101 01001101 01010101 01001110 01000100 01001111 01000111 01001100 01001111 01000010 01000001 01001100
0011 0111 01000001 01001100 01010101 01001110 01001111 01000001 01010000 01010010 01000101 01001110 01000100 01001001 01011010
0011 0100 01000011 01001000 01000101 01000110 01000101 01001100 01001001 01000100 01000101 01010010
0011 0100 01000110 01001001 01001100 01001000 01001111 01010000 01010010 01001111 01001100 01000101
0011 0111 01000110 01010010 01000001 01000011 01001111 01000100 01000101 01001100 01001001 01000011 01000001 01000100 01001111
0011 0101 01010110 01000101 01001100 01001000 01001111 01000001 01001110 01010100 01001001 01000111 01001111
0011 1000 01000110 01000001 01001100 01000001 01010010 01000011 01001111 01001101 01010101 01001110 01001001 01000011 01000001 01010010
0011 0110 01001111 01010101 01010110 01001001 01010010 01000101 01010011 01000011 01010101 01010100 01000001 01010010
0011 1010 01000001 01001101 01001001 01000111 01001111 01000011 01001111 01001101 01010000 01000001 01001110 01001000 01000101 01001001 01010010 01001111
0100 0110 01010000 01001001 01001110 01000011 01000101 01001100 01010000 01001001 01001110 01010100 01010101 01010010 01000001
0100 0101 01000100 01001111 01010101 01010100 01001111 01010010 01001101 11001001 01000100 01001001 01000011 01001111
0100 0101 01000010 01010010 01001001 01001110 01000011 01001111 01001111 01010010 01000101 01001100 01001000 01000001
0100 0001 01010011 01000001 01010000 01000001 01010100 01001111 01010000 11001001
0100 0011 01001101 11011010 01010011 01001001 01000011 01000001 01001110 01001111 01010100 01000001
0100 0101 01010100 01000101 01000001 01010100 01010010 01001111 01000001 01010100 01001111 01010010 01000101 01010011
0100 0101 11000001 01010010 01010110 01001111 01010010 01000101 01000110 01010010 01010101 01010100 01000001 01010011
0100 0110 01010001 01010101 01000101 01010010 01000101 01010010 01000100 01000101 01010011 01000101 01001010 01000001 01010010
0100 0110 01000001 01000010 01010010 01000001 11000111 01001111 01000001 01010001 01010101 01000101 01000011 01000101 01010010
0100 0101 01010011 01000101 01001110 01010100 01001001 01010010 01000101 01001101 01001111 11000111 11000011 01001111
0100 0110 01000101 01010011 01010100 01010101 01000110 01000001 01010000 01001100 01000001 01001110 01010100 01000001 01010011
0100 0101 01000111 01010010 01000001 01001110 01000100 01000101 01000101 01001110 01001111 01010010 01001101 01000101
0100 1000 01001101 01000101 01010011 01010100 01010010 01000101 01010000 01010010 01001111 01000110 01000101 01010011 01010011 01001111 01010010
0100 1001 01010000 01000101 01001110 01010011 01000001 01010010 01010010 01000001 01000011 01001001 01001111 01000011 01001001 01001110 01000001 01010010
0101 0101 01000011 01000001 01000100 01000101 01001001 01010010 01000001 01010011 01000101 01001110 01010100 01000001 01010010
0101 0111 01010000 01000001 01001100 01000001 01010110 01010010 01000001 01000011 01001111 01001110 01010100 01000101 01011000 01010100 01001111
0101 1000 01010000 01001111 01001100 11001101 01000011 01001001 01000001 01010011 01000101 01000111 01010101 01010010 01000001 01001110 11000111 01000001
0101 0110 01000101 01010011 01010100 01010010 01000101 01001100 01000001 01000010 01010010 01001001 01001100 01001000 01000001 01010010
0101 0101 01010000 01001100 01000001 01001110 01000101 01010100 01000001 11010011 01010010 01000010 01001001 01010100 01000001
0101 0110 01010011 01001111 01010010 01010010 01001001 01010011 01001111 01000001 01001100 01000101 01000111 01010010 01001001 01000001
0101 1001 01010100 01000101 01000011 01001100 01000001 01000100 01001111 01000011 01001111 01001101 01010000 01010101 01010100 01000001 01000100 01001111 01010010
0101 0100 01010000 01000101 01010001 01010101 01000101 01001110 01001111 01001101 01001001 11011010 01000100 01001111
0101 0101 01001100 01000001 01000111 01000001 01010010 01010100 01001111 01010010 01000101 01010000 01010100 01001001 01001100
0111 0101 01000101 01010011 01010000 01000101 01010010 01000001 01001110 11000111 01000001 01000110 01010101 01010100 01010101 01010010 01001111